426.69
200.11
432.49
195.21
432.49
195.21
433.82
245.11
237.09
301.37
213.03
195.21
283.99
405.31
283.99
432.93
414.22
372.78
422.68
405.75
338.35
195.21
238.43
283.99
412.88
238.43
250.46
283.99
227.74
416.45
315.63
326.32
324.99
229.52
283.99
283.99
332.56
195.21
400.85
325.88
195.21
234.42
283.99
372.78
195.21
195.21
424.91
221.50
372.78
298.25
410.21
376.79
204.56
414.66
377.23
341.47
424.02
318.75
195.21
411.99
195.21
283.99
295.13
215.26
416.45
372.78
305.83
407.09
424.47
426.25
299.59
372.78
195.21
432.93
283.99
390.60
196.99
338.35
330.33
283.99
283.99
283.99
283.99
199.66
372.78
420.01
229.96
289.34
214.37
303.15
231.75
307.61
388.37
216.60
317.86
372.78
344.15
246.90
372.78
322.76
732.27
1464.84
904.74
1641.34
1278.51
659.27
1396.77
1568.49
809.78
1419.43
820.60
1412.74
1518.62
1561.06
1558.55
1383.07
778.94
807.58
1353.41
840.50
1625.17
1563.24
996.94
1147.07
878.16
1559.11
696.95
808.35
672.09
793.64
1434.25
1047.62
988.80
833.30
1435.38
709.43
1238.71
1444.52
1412.73
834.16
790.85
1146.56
1188.75
807.90
978.30
1461.85
1537.73
1512.46
826.17
1434.19
839.54
1501.19
1132.84
1506.90
1335.36
1089.46
1206.27
1322.99
735.27
810.48
1413.43
609.17
1134.44
998.15
1448.76
1383.53
667.09
679.15
1636.02
550.35
679.12
826.17
882.57
1330.15
1359.23
1387.99
1541.60
755.08
639.47
929.28
1527.34
1393.51
1129.22
1640.43
997.88
1151.95
912.97
831.07
1037.82
1505.70
1455.17
1337.14
916.72
586.89
553.47
1174.36
921.89
666.20
682.69
921.76
1912.77
1547.44
1539.48
963.22
1461.94
1969.94
1059.98
910.82
1126.05
1706.56
1603.01
1479.58
1556.89
1019.54
1792.61
1714.42
1584.75
1289.19
1709.22
1587.61
1024.78
1325.61
1955.42
1754.72
1665.84
1431.59
1344.27
1779.15
1060.11
1701.85
677.01
1628.68
979.71
1562.68
927.88
1825.40
1037.57
1667.46
1711.81
1527.80
1090.32
1465.55
742.71
1640.08
1605.42
1818.71
1822.67
1901.72
1612.46
1831.53
1166.48
1165.02
1821.34
1552.60
1867.32
1027.69
1513.76
850.35
1560.66
1191.57
1524.48
1708.17
1820.02
1182.39
1626.10
1719.07
1767.32
1152.81
1447.50
1862.30
1703.93
1753.02
1593.25
1065.13
912.28
1032.51
1812.81
1359.27
1666.68
882.06
1867.75
1040.22
1454.71
1911.33
1603.85
1789.01
1871.35
1258.67
1745.67
1077.92
1824.26
1767.35
1872.50
1925.49
971.18
1455.27
1009.53
1993.67
1666.65
1730.43
1317.18
980.46
1345.91
834.53
1295.73
790.08
976.02
1438.06
1422.58
1610.64
1088.22
1327.82
1165.64
1248.64
1253.58
880.20
981.25
616.84
1118.16
1035.49
1535.50
835.53
730.96
1459.58
1496.10
1140.22
1240.98
1635.07
1150.94
960.07
555.36
667.21
642.25
1755.68
1410.76
762.34
696.81
655.18
894.80
1012.36
664.64
862.71
1363.47
1325.20
906.94
1074.82
1416.09
641.81
992.25
1122.93
1703.16
1050.85
628.00
1115.40
585.51
647.27
1398.85
1499.57
531.75
618.30
651.42
1122.37
1791.43
1459.44
597.25
1605.34
1467.04
898.84
673.56
1170.34
906.94
1090.69
1508.93
1393.10
1445.61
1098.91
1383.33
546.45
679.35
1263.34
707.09
924.21
1334.38
485.27
1289.52
798.88
1744.20
532.97
905.63
1403.76
609.88
901.49
734.86
1332.14
1707.26
1105.58
1470.69
845.24
1073.16
1670.58
1003.32
690.85
910.85
1176.12
880.62
611.08
1042.95
872.18
639.13
1318.40
611.95
1120.14
739.15
941.25
786.74
639.58
1195.49
538.09
1341.86
498.88
1042.22
587.55
800.88
830.74
825.77
879.24
1235.79
880.47
502.56
1341.13
509.24
709.20
1174.67
1046.87
674.06
1515.33
893.12
900.37
750.29
1017.60
947.04
854.56
593.59
746.65
640.47
1055.20
559.82
1082.88
1241.57
607.16
357.17
325.08
354.23
803.14
1197.59
639.70
895.49
866.12
527.61
839.69
908.58
827.84
863.12
800.60
1351.95
591.68
974.41
1142.17
1226.04
319.78
771.60
993.73
1185.23
1073.53
766.25
914.22
1097.31
1231.45
1007.41
485.64
600.77
714.39
314.85
341.31
847.64
633.92
1328.28
909.52
703.75
1307.30
590.07
544.61
531.71
787.97
445.44
316.64
1083.30
906.76
879.78
899.07
987.48
890.62
591.61
286.73
1025.96
280.95
921.51
521.55
894.87
558.02
855.40
691.65
565.18
506.65
287.45
827.33
797.30
1296.53
865.47
540.88
1086.97
882.29
1265.07
501.93
716.14
521.36
556.45
855.24
1010.01
416.65
596.16
951.39
873.00
620.97
344.40
864.15
1240.72
322.16
1142.95
534.94
919.36
1033.76
853.22
308.95
543.21
485.36
1211.44
1191.16
466.71
904.50
1447.46
1235.96
1419.57
1493.71
1316.32
558.85
678.70
811.14
1175.93
1406.02
799.71
1357.91
992.16
678.99
1409.93
705.65
819.10
630.74
1017.95
1445.32
636.48
684.31
1001.96
1546.36
1333.97
714.82
1417.43
681.09
1340.29
696.76
656.99
1215.96
643.93
639.13
747.07
1435.93
1422.75
1036.14
1158.09
1318.36
1440.75
954.57
1176.60
1487.18
743.65
1454.81
1368.91
1305.92
972.98
1308.39
1449.25
849.69
1510.73
1337.37
598.61
1407.17
964.67
675.35
898.26
1436.21
919.53
1214.40
1276.04
1463.22
1400.45
887.99
1134.64
1336.13
1469.13
706.70
1528.51
550.35
1317.18
550.35
804.30
1356.95
1403.80
823.31
1547.77
1085.97
966.27
777.03
706.30
1467.53
941.80
656.30
1440.96
1342.96
743.21
1477.08
581.11
1190.20
804.01
1092.79
1078.59
1242.32
687.92
1351.89
1363.10
887.90
1727.01
1806.14
1856.64
1780.65
1858.92
1916.89
1830.28
1908.48
1863.69
1851.62
1882.25
1893.66
1739.52
1898.68
1851.98
1859.64
1788.00
1829.90
1782.16
1848.00
1786.61
1737.07
1803.20
1825.21
1840.98
1904.32
1781.42
1875.38
1739.68
1874.61
1824.24
1794.15
1885.97
1894.95
1864.54
1816.83
1770.86
1883.74
1940.44
1747.63
1739.03
1887.57
1876.75
1729.79
1736.85
1902.33
1766.59
1815.30
1929.75
1900.84
1800.51
1838.53
1878.37
1800.70
1911.66
1820.87
1829.08
1819.54
1884.54
1886.35
1896.11
1781.72
1860.41
1802.90
1834.31
1865.27
1898.72
1835.09
1936.33
1778.74
1931.70
1792.71
1790.64
1889.76
1848.40
1895.33
1747.30
1853.24
1857.59
1866.50
1845.40
1742.23
1768.62
1924.79
1761.99
1735.68
1874.92
1732.88
1862.30
1883.07
1793.76
1851.85
1901.30
1747.47
1841.85
1780.49
1902.38
1858.07
1787.74
1810.87
1226.25
1030.75
911.59
1860.07
1347.21
831.86
1134.15
1236.33
572.85
1147.35
2022.02
1484.59
1881.77
1650.83
1482.50
1997.83
1656.39
1767.18
1841.72
1352.19
1242.15
2028.90
1717.54
1767.33
1624.74
1518.86
1523.09
763.80
1855.88
1391.43
1795.44
1506.32
1747.61
961.06
1659.14
1962.23
676.88
1773.15
1562.73
461.56
1894.35
1838.35
1200.22
613.07
1209.35
1692.36
2003.86
812.14
1598.27
1386.83
1511.95
1497.75
1164.11
1998.99
1527.74
1042.01
1418.34
1922.21
1246.88
2069.37
1216.61
962.27
727.87
197.43
1372.03
1146.15
1305.54
2010.00
1230.87
801.65
1415.79
1252.10
1427.56
511.47
1428.06
1515.18
1406.51
1661.85
725.52
1518.56
1103.28
923.62
1352.02
1741.73
651.47
1601.43
1443.39
1628.09
924.65
1826.73
1955.73
972.34
1318.58
1362.84
1484.66
1635.48
1891.31
1119.22
1075.11
1238.42
1595.00
1859.12
1667.32
1789.29
1922.53
1810.86
1843.15
1797.90
1219.41
1718.33
1293.67
1257.57
1023.52
1403.13
1463.02
1283.82
1466.57
1296.34
1489.07
1691.41
1002.19
1582.32
1761.99
1180.01
1140.80
1967.99
1041.34
1726.29
1462.79
1790.71
511.58
1445.08
1212.71
962.90
683.28
1330.78
1188.24
1021.00
1796.85
1110.63
838.19
1242.74
841.21
1784.05
988.63
1971.04
1916.24
1102.22
924.13
1662.49
1624.97
1635.54
1843.37
1968.09
1563.98
680.02
1550.94
785.23
1253.88
1765.64
1865.20
790.14
706.94
1214.90
1539.55
1205.19
745.83
1573.22
1531.49
1955.99
1776.12
2013.17
1051.85
1842.23
1241.62
1257.66
1686.39
2119.87
1611.58
1748.19
1042.66
1952.74
1852.28
1546.99
1643.93
1351.42
546.11
1125.26
723.90
1399.31
1968.08
1784.09
1522.94
1478.17
1012.99
1568.06
1721.21
1757.05
1183.26
1666.18
1510.65
1230.77
1884.96
1540.32
995.63
1690.08
1281.15
1581.18
1552.41
1970.49
1410.21
1612.88
1860.00
1420.82
1743.78
2075.66
1747.64
2004.89
1583.29
1120.64
1170.36
2083.18
1871.25
1891.11
1248.38
1672.85
1003.71
590.90
1359.24
1548.75
1084.93
1132.76
1209.80
1788.59
1907.50
1521.66
1727.68
1997.01
2021.37
1743.94
1468.95
1538.72
1765.46
1540.12
1997.77
1684.35
1229.08
1872.87
1815.94
1895.93
585.77
791.36
1952.82
1619.70
1695.98
2132.61
1527.17
2032.68
1494.89
2042.01
1161.65
1793.05
732.71
1561.21
1669.49
1669.83
1375.29
1436.25
916.00
1799.97
1582.82
827.90
1492.90
1863.32
765.88
1165.02
1718.72
1952.24
1719.45
1406.55
1058.58
1135.09
980.68
1366.92
1302.58
885.77
1755.84
985.81
1056.83
1725.72
1458.06
1086.11
1849.26
1135.85
1160.73
1558.99
660.97
1223.27
1308.51
1689.21
746.72
1235.62
951.15
2066.90
1402.78
1540.61
1709.18
1697.77
920.97
1819.41
1689.22
968.95
1051.59
1589.19
1586.62
1282.57
1623.89
1647.23
1696.84
1532.66
1331.59
1659.10
807.72
1525.43
1198.94
1529.90
1073.59
1525.30
1743.70
991.49
1465.68
1163.31
1726.15
1557.37
1410.59
690.02
1289.09
1940.26
1657.39
925.99
1901.94
1407.15
1130.95
1616.46
1439.31
1377.32
517.04
994.80
1841.39
1797.18
961.40
983.92
1795.52
1119.11
1364.28
1801.10
1665.78
1435.06
867.15
1804.45
1607.18
1659.33
1805.19
1377.73
1441.49
1696.68
1856.55
734.04
1750.50
1589.83
1462.20
1487.18
1993.41
823.90
1632.21
1500.63
1905.71
1825.04
1705.37
1608.55
1421.83
1952.49
1605.96
1075.73
1041.60
1120.99
1257.31
1391.67
1720.16
1941.88
1527.33
1277.56
1158.98
1207.38
1527.22
1335.04
1766.21
1664.96
1754.08
1144.90
1669.18
1683.98
278.98
2068.33
1255.02
1670.50
1643.16
1728.11
1826.16
852.46
690.90
1270.44
778.05
1674.89
1739.49
1866.66
502.56
1438.28
1617.67
1604.41
1542.17
1407.75
1183.93
1807.01
975.64
1642.97
1642.30
1518.98
1886.75
1785.86
699.61
1688.14
662.09
1599.37
1759.83
1700.43
890.54
1435.16
1249.56
903.33
1634.65
852.40
1541.92
1703.43
1623.95
1981.50
1766.56
1468.36
1092.71
1076.46
1748.80
1328.41
1491.34
1469.85
825.17
977.72
1348.55
957.29
1911.91
1396.22
1895.91
545.23
1848.46
1442.32
1935.13
1636.67
407.31
828.79
1794.64
557.14
1111.00
1546.80
1482.56
1704.41
1246.07
1879.89
1177.97
1706.56
799.55
1577.84
1427.69
1227.45
1516.30
1506.51
1690.52
452.98
1025.74
733.49
1417.01
1476.49
960.23
1267.89
953.00
1196.70
1262.65
1541.59
1855.48
1988.38
1899.00
1420.14
1919.61
1804.42
1021.91
1145.68
898.21
1203.98
1556.79
1240.75
1839.05
1766.75
1560.65
818.71
1727.81
1114.66
1598.82
1810.73
1884.12
1127.51
1722.99
893.10
1712.75
1124.22
1066.02
1671.64
1259.24
1663.26
1812.88
855.57
1348.34
1543.44
824.58
1621.36
1217.75
826.61
1704.53
1362.71
1976.54
1040.78
520.38
1001.11
1390.32
1968.36
1760.66
1766.76
1311.59
1529.45
1613.71
1649.25
1256.45
1409.08
1843.78
1252.75
1648.04
1270.76
1626.24
1950.17
2017.08
1780.39
1100.46
1127.75
993.09
1400.17
1510.88
916.57
1827.67
1428.63
756.99
1577.87
1774.08
1441.70
1034.90
962.19
1440.68
1148.97
795.41
1238.07
1027.45
1536.13
1174.97
1090.07
1604.16
1022.95
1287.48
1155.51
1211.05
1430.32
1750.73
758.44
1682.09
1057.82
514.45
1353.76
1008.96
1304.16
1110.11
1620.25
1138.56
1489.46
1306.84
1742.38
1016.51
1532.20
1043.82
1563.28
2116.13
1940.77
1658.90
1076.54
547.79
1624.99
1560.53
1444.47
1325.97
1664.79
1783.83
1535.17
1417.06
1400.45
1174.20
1955.08
1845.49
2013.61
1304.47
1500.07
1603.87
1520.68
1391.80
783.75
1846.82
1352.56
1650.79
1289.40
867.88
1646.78
1708.08
1257.54
1848.47
1456.67
1574.97
734.81
1337.32
2042.65
1533.89
1695.68
1984.92
1673.19
1525.49
1767.45
1510.56
1510.40
1460.12
1553.56
1697.44
1995.31
865.37
719.12
1730.00
1432.37
1183.74
465.57
1334.03
772.64
969.44
1747.60
1017.69
1573.97
1701.81
1817.62
1484.04
1836.64
1375.10
1001.04
1579.57
1899.64
1454.63
1584.90
1615.74
1294.56
944.41
1646.43
1542.00
1345.18
1409.89
1662.66
1501.26
1081.45
1664.72
1404.21
1551.88
1746.81
1237.84
1836.31
1477.21
1915.80
995.17
1829.53
1694.16
2126.29
1430.31
1010.19
1858.39
1673.69
1442.41
1030.30
1522.12
1937.43
1455.67
1692.46
1328.73
388.26
1647.57
1176.26
1238.09
1195.85
2054.13
1128.76
1318.41
1580.12
1107.30
651.17
1489.17
1485.81
1359.96
1494.10
1069.15
1118.19
1463.94
1584.40
1630.32
1497.83
2000.21
1540.04
1131.97
965.72
1573.57
1710.83
1655.66
1381.14
1448.48
721.79
1466.11
947.64
819.29
1212.30
1581.09
1617.97
1820.13
1163.18
1637.15
875.30
1520.97
1771.98
1063.69
1914.45
1144.13
1819.49
647.49
582.87
1513.78
992.70
1891.23
1321.42
2031.05
1631.91
1387.64
1692.65
1056.86
885.89
1943.78
1678.42
639.13
1088.09
781.28
1161.33
932.04
1328.36
1533.56
1461.13
1788.39
710.09
984.12
629.86
1294.96
988.04
1516.43
941.65
2105.71
1584.00
312.85
1498.94
1143.00
649.38
1077.80
1426.85
930.11
1810.29
1758.71
1702.13
942.90
410.10
1436.22
1128.24
1433.74
1510.19
1013.43
1759.87
416.00
586.33
1798.60
1703.22
774.93
954.04
1189.32
1414.48
1576.47
1278.09
1811.02
419.34
1180.93
802.67
1574.23
1619.28
1745.24
1595.04
1648.80
1825.23
1309.28
1868.01
1155.73
1580.81
865.65
1571.97
1267.37
885.40
1541.14
1595.01
1523.60
1763.90
1402.47
1686.31
1350.86
1057.83
1334.33
1213.21
863.54
1687.65
1547.56
1557.49
1382.57
2087.42
1931.91
1852.55
431.15
1109.88
1268.71
2069.00
1512.14
1058.00
1458.68
1016.22
1864.18
1761.06
1987.74
1647.46
1439.93
1015.93
2123.15
1698.91
550.35
1396.65
881.24
1202.61
1698.93
1438.47
1562.27
1684.45
1542.69
1876.12
1478.71
1053.08
1441.62
1675.29
826.26
1531.90
1576.56
1138.16
562.49
795.91
1464.74
1271.02
1650.22
953.92
1748.44
1612.33
747.81
1559.29
1338.40
1512.36
1328.75
1252.87
1738.25
1450.54
1863.93
2064.57
1817.74
1626.11
1253.57
1160.30
1449.66
1424.71
1671.92
1686.49
665.32
1795.97
1842.98
1803.73
1661.63
1152.46
1277.38
1122.82
1186.62
1723.91
729.61
372.78
1011.54
604.26
1207.23
945.14
924.11
722.02
871.24
1493.08
1516.35
676.88
1150.76
1670.76
823.93
1679.19
1766.63
1486.77
1669.74
461.56
1355.72
1334.57
951.62
1280.72
1338.01
1093.39
1865.93
1478.38
1433.50
722.90
2043.04
1071.81
1920.68
1037.65
1292.12
1274.92
1697.59
655.40
1396.27
425.69
1401.10
1752.70
1976.37
599.39
1803.77
726.36
1146.75
1127.62
1109.12
1726.14
1276.85
1436.23
1639.30
953.50
714.64
1192.22
1838.83
1715.42
1059.85
1898.95
1989.18
1621.04
1098.45
1484.05
1646.97
870.15
1603.05
1272.13
1689.01
1295.65
1410.35
1567.91
1445.44
1315.19
1757.65
1657.57
1635.39
1353.20
1071.70
1473.57
1913.15
967.79
1673.68
1249.96
865.90
1624.92
1669.28
1834.88
1042.67
1044.46
1181.22
990.14
1829.85
1372.61
2018.23
550.24
1229.74
1620.12
1265.52
1371.70
1743.39
1971.06
1467.10
1073.25
1196.20
1830.59
1826.80
533.08
1864.40
763.90
1053.72
1649.93
946.10
1405.84
638.13
1853.42
1557.49
1905.51
1936.72
1386.72
1596.64
1507.25
1949.41
1662.11
1436.42
850.96
854.56
1533.59
848.48
1699.45
1500.76
1229.79
2060.77
1591.71
1635.68
1556.57
1041.06
1791.74
1715.09
1883.89
662.75
958.58
1097.48
1561.74
1854.60
1767.61
1495.29
1900.36
1572.26
1379.13
1552.36
1685.06
1569.19
1870.96
939.87
1439.60
986.82
1750.02
1595.47
1666.93
602.15
1430.55
870.71
1077.37
1142.75
1345.06
492.64
1326.57
1399.98
1584.31
1005.37
793.95
1004.47
1695.57
665.32
766.26
1606.20
1742.57
1198.51
1638.47
1584.63
1760.66
1571.59
1578.10
1625.05
1269.35
1751.65
1575.11
1310.57
677.80
1015.17
1017.77
1421.08
658.74
1540.30
1863.38
1795.51
1241.01
1400.04
896.32
1663.25
2042.16
1411.90
1075.47
1880.18
1100.87
1440.14
1433.32
1703.64
902.04
1230.17
1847.97
1652.69
1903.78
1451.61
1554.47
1766.20
1638.59
1915.40
1636.43
1644.44
1658.46
1253.31
1805.63
1369.03
1525.27
1269.55
1367.65
1579.02
1407.55
906.30
651.61
1639.01
1662.72
1061.02
1060.26
1023.32
1487.11
1315.16
520.61
722.13
1572.53
1779.99
1513.57
1447.13
2094.29
1930.41
1929.26
1124.68
1639.41
949.59
1258.52
1085.96
1860.09
649.79
1651.11
1042.93
1596.21
1848.92
1264.82
1546.50
1135.87
1445.05
1665.52
500.55
1448.47
1168.14
1383.71
1356.45
1485.98
849.57
1264.55
1544.77
283.99
778.94
1817.16
1547.75
982.53
1085.13
1745.49
643.94
724.24
1698.82
1696.20
1630.72
1782.49
2043.61
1195.45
1509.50
1157.96
1791.55
1713.43
1521.18
1560.37
1967.80
639.13
1636.16
1356.96
1508.35
1484.88
921.87
1151.20
1634.03
1428.58
844.33
1324.27
1926.36
1693.91
876.71
1478.68
1501.62
1643.40
1864.76
1806.88
583.55
288.00
885.52
1649.92
1697.53
1821.76
1611.22
1582.35
1911.06
1803.19
1750.58
619.37
1843.55
1749.71
1494.72
1788.63
1863.79
1399.58
1881.81
1352.36
1299.67
1473.60
929.37
1643.48
1542.32
1744.61
1269.49
1443.08
281.65
1820.25
1327.76
1293.94
646.71
868.95
1732.17
1652.74
1710.71
943.88
1832.40
1409.26
944.83
1846.32
1207.92
973.42
784.39
1246.16
1909.79
1894.42
1431.59
705.21
1082.66
990.72
1078.44
1740.21
1144.52
1259.44
1213.86
1448.47
1317.42
1780.85
927.19
1335.82
1877.99
1681.85
404.85
2038.52
1393.44
1939.49
1889.21
940.15
1039.73
558.50
1695.54
1754.28
837.75
1102.34
1677.99
577.75
1147.05
850.68
1595.31
1507.69
1952.56
1008.44
1053.69
1294.13
1560.50
1820.82
720.78
1807.76
1435.85
1448.80
717.76
1733.73
1580.32
1855.54
1708.58
755.44
1544.13
1067.68
1773.52
1409.30
1586.54
1643.72
731.12
997.33
952.02
872.32
1476.60
1602.50
1777.43
1342.76
1505.53
1450.66
1353.13
1290.71
1516.94
1937.29
987.30
1776.10
1548.13
1743.13
1337.90
997.67
1402.08
1932.32
1703.98
870.60
1499.41
1580.82
1859.80
1577.79
1587.47
1628.61
1330.90
1533.55
1566.51
1849.14
1145.14
1508.36
867.06
1787.43
1768.09
507.01
1527.52
1920.48
1980.84
1410.06
1395.56
744.07
1195.33
1893.85
1028.86
1691.41
1206.20
871.04
1426.01
1587.24
1322.38
1666.51
1151.45
408.65
986.19
1719.43
1921.68
1710.91
1639.39
2001.74
1175.56
1623.60
1715.03
1736.96
1436.46
1467.58
1382.03
1598.80
970.17
1490.85
1553.61
1040.05
943.71
689.49
1736.21
1143.59
1628.61
912.16
1196.75
1371.59
1688.39
992.57
1222.57
1807.21
812.29
1988.59
1044.55
735.16
1597.24
976.00
1658.18
1964.50
1020.00
1849.27
1886.75
1827.56
788.21
402.33
862.38
1552.03
1660.47
591.35
1799.67
1853.68
1371.38
1637.26
1012.51
761.34
1623.08
789.50
195.21
1207.50
1727.76
1673.69
1633.01
1950.07
1630.78
1891.31
1703.26
1359.08
1178.18
1654.28
1013.02
1376.94
1593.09
1755.34
1129.69
1732.67
1257.53
1496.57
1587.77
1515.13
1545.27
1218.18
2016.31
1152.74
1642.03
2099.16
722.57
1785.19
195.21
2015.90
1238.06
1724.10
1680.40
1107.65
1720.02
2028.99
1563.10
1546.29
577.67
1438.74
1686.15
1549.65
1397.93
1899.60
1149.28
1881.81
1694.25
1188.76
288.00
1803.90
442.63
355.18
1166.55
902.20
1827.37
1756.41
1470.26
1918.38
1647.62
1420.70
1557.84
1225.83
881.93
1651.79
1085.77
1705.06
1378.71
1569.68
1687.18
1754.73
1482.28
702.49
1399.95
1460.28
1732.15
1040.73
665.43
1291.88
1041.02
1181.17
1117.22
1673.18
1628.34
1835.63
898.25
1778.10
751.87
1940.71
1880.14
1642.88
1263.64
1511.17
845.32
1894.44
1192.77
991.82
1651.39
991.60
859.01
541.66
1004.86
519.93
1883.30
1884.88
1670.90
1432.64
1077.16
577.66
1625.84
1652.46
1047.18
436.59
1585.74
1549.20
583.77
1332.80
735.72
966.65
1277.89
1904.78
912.21
539.06
1107.81
2061.97
1415.03
1791.79
1925.49
1171.51
1555.65
1936.83
1175.48
845.08
940.59
1692.99
1295.67
1634.66
924.65
1572.52
1891.84
1627.02
1149.09
1888.02
1818.74
1268.65
1766.01
1491.96
930.83
1799.92
1412.11
1340.99
1505.05
1786.91
1359.92
537.95
1418.74
898.25
1010.76
232.64
1594.39
1853.30
1708.42
1094.41
1442.16
1795.54
1828.95
1655.35
1324.67
1314.25
695.08
1836.21
1766.04
1112.77
1756.23
1084.14
1708.81
1814.21
1605.95
781.82
891.29
1510.93
1946.09
1443.36
1201.82
1445.10
1320.80
1092.75
1999.49
1547.27
1836.31
1564.14
935.66
1825.09
1487.47
1579.99
931.40
1504.39
1174.27
992.41
1428.55
1585.35
1482.24
1501.22
1863.30
1141.08
850.46
989.61
1779.02
1758.91
1675.65
1271.94
1126.77
1215.71
714.64
1843.40
1044.96
1893.65
1008.93
1589.45
567.75
1535.81
1202.67
951.54
401.74
1722.83
1829.89
581.76
1105.47
2005.01
1873.87
1163.33
1938.88
1500.05
1556.86
1654.29
1402.40
2012.64
1100.64
682.58
1958.14
1545.90
1581.30
1788.03
2134.05
1492.04
1640.32
1663.24
1292.33
1121.15
1128.28
1380.49
1616.02
1328.00
2073.89
1532.62
1485.05
1666.06
1736.43
1263.93
2006.90
989.13
1292.41
1281.08
1620.50
1953.78
585.02
1177.10
1265.28
2149.77
1771.79
1021.46
1857.45
1706.29
1642.93
1657.15
866.46
861.69
1732.69
379.24
2060.39
1929.41
2059.80
1740.44
1528.90
1541.04
1420.34
1877.73
282.40
1762.77
1058.00
1086.02
1911.27
1322.84
1247.51
1659.63
1746.27
1586.37
1375.99
1554.19
1340.33
1811.61
869.51
1287.43
1198.37
1133.00
695.06
793.03
943.31
1701.34
683.04
1440.78
932.46
1590.90
1829.72
1835.70
1547.76
1904.42
1432.50
1234.53
1674.82
1870.20
983.61
461.98
1059.21
1602.82
1684.14
1877.30
1888.88
639.43
509.18
1823.76
1182.55
1858.93
911.27
1968.38
1027.85
1722.49
1122.29
1039.88
1450.52
1332.95
2054.96
1232.05
1911.76
1389.68
1535.44
1660.82
1586.48
1958.35
1673.94
1518.76
1309.67
2030.75
1159.12
727.81
1600.70
1375.27
1503.27
928.10
1358.50
1107.04
1652.90
1576.24
1791.93
1332.99
1372.61
1480.16
576.19
1562.56
1479.04
2049.45
1973.75
670.19
667.99
1588.42
1975.42
1131.72
1902.24
851.68
1098.10
1250.07
725.53
2017.84
1341.04
968.59
1780.88
1811.18
1440.08
954.94
848.27
1473.25
1549.67
1970.01
1500.63
1634.05
1748.68
1015.05
1786.53
1715.07
1501.04
1831.76
310.45
1728.11
1324.00
1761.29
560.71
627.20
1961.94
1828.58
1184.26
902.88
1479.27
1908.29
1718.75
1205.78
1677.65
1615.00
1290.40
1677.42
1612.12
1615.65
1044.58
1157.90
912.73
1652.20
1949.08
1461.67
1873.59
2068.05
2036.24
1655.37
1631.45
766.22
1005.43
1454.28
760.78
1405.55
1515.15
1905.69
1134.85
1732.97
1610.92
1655.09
1732.82
1487.34
1819.92
570.11
1030.49
701.97
1350.62
800.61
1896.73
1702.63
1971.09
1586.81
1206.21
1003.98
436.50
948.20
1741.96
1609.18
1673.06
1026.67
913.68
1439.68
1166.48
1522.63
1009.09
907.70
1619.04
1411.24
1841.18
879.33
1259.71
639.13
773.52
1677.10
1476.92
1760.86
1422.37
1685.15
1513.52
1859.12
2019.41
1282.57
1849.62
1555.53
1637.05
1021.03
1412.38
1729.41
357.07
1941.77
1784.00
1244.32
1391.37
915.28
1689.42
1042.07
1604.81
1474.66
1452.02
726.03
1807.14
1585.80
1648.56
1018.18
1057.60
1833.94
682.47
1627.78
1844.61
962.86
1453.74
1928.36
1651.71
865.11
1759.95
1040.30
1117.39
1284.73
1830.44
1096.07
1237.99
2028.91
1603.48
1254.77
1696.57
1651.48
1208.12
1103.61
1419.15
1193.32
855.36
1147.39
1334.73
445.33
1649.60
426.03
1497.21
1128.74
1692.80
1736.99
1810.48
1386.95
1464.28
416.25
847.75
1549.83
1867.75
1048.56
1564.72
1829.83
1554.16
1487.13
1566.00
1041.39
1540.51
418.90
2111.05
1456.20
979.41
744.96
735.83
1986.55
1468.91
1300.42
1911.04
1922.72
1397.40
1652.25
1530.00
974.22
1792.11
1556.74
1597.32
1578.12
1490.46
1984.31
1441.15
1769.24
1059.01
966.14
1697.80
1693.33
1459.75
923.42
1924.59
1335.98
1610.83
1733.64
1619.60
1465.39
1044.47
1540.10
1209.56
2061.19
1126.84
1762.14
1705.10
1496.41
2023.06
1187.22
1335.16
1645.44
1597.63
1444.39
864.49
1224.21
1567.60
1419.33
1857.17
1525.09
1121.33
1013.68
1088.79
952.46
1990.55
1462.76
1079.29
1944.51
1454.31
1665.44
2118.89
1807.93
1623.61
1550.99
1634.13
1081.10
477.72
1594.88
1948.79
1797.31
1775.43
2119.80
1664.42
1815.87
1206.13
964.82
1210.31
1696.38
1538.81
1665.46
1073.57
1583.89
1613.59
864.44
2013.58
1310.72
1953.43
2104.25
1186.09
832.08
1511.90
1901.79
1837.79
1682.23
1136.31
1950.12
1848.64
1799.41
1475.67
1685.15
2045.28
405.98
722.36
1376.25
954.17
1349.79
1228.82
1860.44
1135.66
1106.89
1265.62
1066.23
1617.78
1611.41
1266.21
1038.74
1703.23
1725.29
1456.88
915.03
1955.37
1478.45
1379.61
1206.51
1511.55
1740.29
1252.88
1157.28
387.37
1019.61
1479.18
778.60
1381.78
1538.87
1554.54
2001.56
1869.91
1811.18
1533.49
1671.53
1365.25
1857.67
1470.19
1730.65
1927.67
2101.79
1332.90
1801.87
1481.15
1616.64
1812.66
1089.74
1358.94
1993.11
1850.82
1357.64
887.78
1607.18
2024.78
1521.67
1729.12
1635.76
1891.93
919.86
1713.86
679.35
1166.46
1650.32
777.78
1432.24
1677.08
1912.55
1882.76
1683.69
1082.21
1165.02
1479.57
2114.19
1795.51
1475.59
1668.74
1337.02
885.06
1646.46
1159.97
1483.36
1129.12
1490.92
1899.41
1841.63
1945.54
1445.87
908.16
1905.07
1263.67
1649.72
1455.23
1676.13
1143.40
948.70
1102.62
1570.07
1407.68
1641.76
1146.13
1636.28
1719.37
1672.29
2012.17
1709.91
428.37
1274.51
1051.26
1431.01
2004.35
908.27
1691.65
1811.62
983.39
1202.11
1987.82
1934.26
1445.34
1623.54
581.87
846.98
1226.04
1519.69
1538.06
1538.99
1709.63
1548.08
1584.38
1640.35
825.39
1645.42
1858.33
1912.09
1867.44
1843.13
1445.06
978.95
1051.98
1553.11
904.00
1514.29
1497.25
1692.67
895.80
1708.44
1898.16
1134.34
1771.54
944.92
1010.46
1738.93
1202.88
1853.81
1898.19
1674.54
976.33
1627.43
916.13
1465.64
1646.15
1057.63
1632.69
1481.22
1026.69
867.35
1374.99
940.23
1785.29
1171.94
1108.38
1553.88
1359.85
771.03
1100.05
1448.86
865.05
579.42
754.42
457.78
1215.36
1828.04
697.06
1630.24
1495.12
1757.66
1601.47
1761.96
1857.20
806.23
1308.40
1994.96
1496.26
1719.38
1166.73
1483.92
1669.56
1192.73
1370.15
1152.18
1568.53
1617.84
1466.59
1119.49
1745.21
834.63
1110.03
965.15
1648.77
972.44
1305.13
940.58
962.08
1305.85
1072.89
1021.86
415.44
1748.63
916.69
823.36
1932.28
861.15
1954.02
1441.02
1626.45
1771.80
1491.30
864.19
1763.45
1838.14
1844.14
719.45
1060.12
1123.92
1616.23
655.07
1499.79
1601.04
1448.11
1931.70
1016.01
988.48
1681.39
1503.75
2161.99
1870.65
1414.02
1711.94
1682.49
715.70
1567.68
901.74
1840.59
1050.99
291.90
821.90
1149.53
1652.92
1903.73
865.64
1458.78
1322.84
811.98
1297.83
1590.36
1478.80
1571.08
2069.90
790.14
1576.98
732.20
1948.00
1029.31
1115.60
1123.29
1942.33
1440.16
1129.65
2033.55
1633.09
1161.29
1833.18
1574.41
1537.64
2052.28
1671.08
1032.43
1550.80
1469.24
1560.16
1106.40
1755.11
1250.76
1581.01
1670.45
1885.45
1723.10
2090.28
2050.16
837.72
1516.40
1741.86
1565.72
693.37
826.56
992.87
1951.82
1205.54
1394.32
1902.65
898.90
1544.92
1636.10
1725.28
474.60
1089.95
1737.38
1705.19
947.18
1032.08
1922.46
1779.08
1687.97
1778.31
1419.00
509.24
1892.64
1573.62
1138.28
2051.37
1432.19
1887.29
1235.93
1726.74
1696.86
1905.18
1811.17
849.41
1559.95
1198.01
1661.13
1925.11
1548.27
1629.14
1281.78
1718.40
874.48
887.24
1123.44
1453.22
1866.03
1004.52
1791.60
1190.98
1313.30
1529.17
1581.57
1417.45
1240.61
1866.75
2040.82
1357.56
806.43
1135.53
1493.80
2103.15
921.48
1887.32
1347.98
1995.23
1360.71
1928.75
728.41
1548.13
1272.38
1121.90
1529.82
1047.72
1004.81
1593.83
1106.23
1828.54
1598.14
1624.76
1686.45
1333.80
1464.70
1215.93
2135.77
1533.10
1585.11
1012.62
1061.31
1837.50
1565.70
1472.24
726.47
1379.41
1796.81
1555.85
1864.43
2038.43
805.66
1458.52
1760.27
1624.82
911.10
1899.87
676.88
1560.81
1630.76
1544.66
1140.63
792.86
1223.48
1722.72
966.17
1579.19
1630.59
1406.37
1705.35
1373.57
2075.19
1574.85
1572.59
1751.28
395.39
1133.83
1032.92
1703.80
1760.06
531.20
1179.57
1376.99
1548.94
1909.72
1298.74
1881.55
1874.21
1182.36
1564.93
1879.38
1516.91
1517.64
1454.88
1161.52
2073.07
1377.46
1182.16
1484.52
1704.76
1596.61
768.15
1493.26
1885.14
1002.11
1447.15
1524.90
1324.30
1427.11
850.87
747.08
1624.67
1669.79
1328.38
1323.27
1993.79
1508.90
1758.99
635.82
1457.56
906.61
1301.41
1536.81
816.43
836.49
1576.38
730.48
1759.29
1253.14
1135.87
1843.82
1161.14
1599.26
1443.04
1208.29
1300.66
1323.73
1412.65
1544.23
890.65
741.25
884.81
588.22
2092.26
1784.27
1300.14
1312.88
456.99
1051.91
1270.04
1432.40
1180.38
2093.09
1353.40
1316.52
1491.89
1908.68
1721.93
1648.03
1630.96
1396.26
1824.91
1740.36
1342.11
1562.24
1632.48
745.95
1702.38
1188.74
995.17
2024.89
1833.58
1837.82
1285.65
1638.23
928.36
826.61
1794.60
1323.71
1624.27
483.10
1348.19
1763.15
961.99
1602.59
1753.83
1842.43
283.99
1307.24
2112.39
1928.90
836.79
1450.74
1515.65
1791.88
1687.41
1951.94
1483.31
1636.11
738.17
1613.45
1224.97
790.14
1345.93
241.10
1804.31
713.57
825.18
1575.72
1151.26
1979.59
1240.76
1906.95
1849.99
860.47
1939.41
1554.70
1909.81
725.45
789.78
1561.48
1749.53
1618.81
697.98
1768.97
2070.09
979.50
1107.01
701.51
1700.21
1849.24
1667.96
2016.26
1717.19
1481.56
612.43
979.67
1698.54
2043.30
1786.44
1824.34
921.60
1614.43
1312.18
2042.37
1160.05
1259.56
1666.92
1728.00
771.05
1787.08
1260.57
1451.85
1746.25
1339.59
1279.66
1361.07
1950.89
795.54
888.05
1924.37
1719.53
654.44
1594.13
1558.69
1538.47
1747.40
1971.85
1419.49
942.88
1708.88
1473.22
1670.66
893.78
1338.66
1025.93
1444.64
1193.60
1431.83
1942.69
1596.35
1070.04
1590.47
1525.67
1308.74
1259.76
1979.37
1749.49
1561.50
1651.55
1565.72
1912.85
1657.13
1906.77
1829.39
1100.16
1333.68
1555.05
1351.18
1772.07
1687.40
1886.89
1611.74
1669.09
1857.01
614.19
1429.35
703.75
1651.33
1592.06
1720.88
1266.02
776.95
1305.67
1324.32
1415.38
1325.24
1883.84
1938.99
1319.49
1842.19
817.75
1476.14
995.58
1522.36
1100.40
1227.15
1640.64
1560.82
1270.71
701.51
1386.32
1382.33
1368.62
1762.33
1826.17
1487.51
1765.27
1742.34
1559.83
1418.32
1246.24
1145.51
1492.42
1958.71
1035.80
1049.33
1736.35
642.81
1701.15
1487.42
1425.35
1442.69
1804.49
1398.55
1971.17
1889.68
1084.06
1643.95
1190.25
806.27
1319.13
851.96
1823.60
1900.71
1537.96
1341.97
1708.00
333.79
1746.55
1204.30
1162.36
1608.38
1055.52
827.90
1788.78
983.72
1271.27
1757.88
744.83
1525.33
666.32
704.96
1341.58
1732.17
1253.85
1640.47
1602.49
1091.77
1924.61
1615.95
1629.07
1657.11
1319.08
1542.54
832.67
1665.30
1897.99
747.41
731.11
1004.86
1704.56
2033.96
1046.41
1969.88
1205.58
1117.22
1967.63
1308.66
1916.92
829.05
1306.16
1442.08
909.69
1881.90
1158.87
1135.08
1849.90
1205.69
928.48
1780.13
1996.26
1575.13
1619.23
1301.99
1247.99
1443.49
1520.56
1155.69
1926.91
1601.49
1468.91
1123.09
959.99
1783.00
1618.90
1311.20
1382.39
1974.47
2148.15
712.48
1751.45
1618.41
789.19
344.93
1563.49
1472.36
1219.54
1026.68
798.16
1696.43
1624.39
1377.34
1788.59
1737.17
1319.46
1049.56
1527.77
1010.17
1099.88
1598.46
1168.29
1089.59
668.77
1054.89
1773.19
2023.22
1736.96
1994.01
1074.70
1653.82
1600.54
1267.26
1195.72
1859.08
1146.24
1710.61
1580.59
1967.90
1526.60
1263.00
1447.73
1854.95
890.45
840.74
1290.14
1489.94
1066.85
1118.48
1293.22
1114.86
1759.42
1304.21
1441.18
1900.64
1497.07
1640.05
300.37
361.08
1807.30
1689.36
926.99
1873.11
947.84
1100.34
610.73
1562.02
1082.33
2036.83
837.87
1471.92
1298.11
597.47
1830.88
1022.22
713.99
1334.51
1701.43
1721.02
1115.82
1873.78
1448.42
629.11
1892.95
2026.97
1356.99
1842.11
1336.32
2093.98
1263.12
1808.64
909.32
1393.53
838.59
1082.05
1542.05
1623.73
1429.53
1467.90
730.03
872.48
1471.57
1351.89
1813.51
1877.27
1567.59
808.57
1430.31
1055.32
827.70
1624.23
1006.03
1409.29
1306.45
1305.22
1383.12
1762.09
984.92
928.40
1837.06
1238.75
1830.05
1155.68
874.85
1919.74
1074.08
1268.47
1701.30
1593.21
1359.51
233.08
1969.46
1228.37
1779.29
1440.75
1464.75
1184.82
1972.15
1718.83
1796.48
1594.25
1734.84
713.22
1832.01
1599.50
1394.38
1747.21
1897.20
1660.80
1298.27
1754.05
1759.66
1130.26
1697.64
1280.56
941.28
970.95
1591.58
1957.15
1239.84
814.35
1576.73
682.02
1651.45
1220.79
1020.57
1499.29
1518.61
1522.03
1142.39
1812.87
1218.90
1038.27
999.67
1627.79
1475.35
1467.08
1218.12
1402.66
959.86
1919.57
1294.19
1595.57
1209.62
2104.23
1850.71
1136.05
1822.65
1149.45
1809.28
1513.17
1155.90
1485.12
1663.04
1385.51
789.18
1627.18
1354.33
1004.38
2010.04
1368.43
1730.83
1134.19
1639.13
1161.97
2033.87
1476.19
1989.56
1721.55
1538.48
1793.61
993.78
1566.67
708.80
1309.37
1008.86
1129.37
1050.31
1835.07
1763.77
1473.20
1095.75
918.80
1631.09
2061.92
1830.17
721.35
1187.51
1195.31
1522.96
1341.99
1541.95
1799.35
1405.05
219.71
1474.61
1723.31
1449.58
1548.32
1017.00
1849.95
1726.73
1097.63
550.35
2125.49
1064.19
1719.54
1643.35
1340.35
1929.26
1421.76
1573.94
1944.56
454.55
1196.50
271.06
1688.41
822.80
963.68
1805.49
1775.98
815.99
1413.15
1569.86
1973.30
1866.50
283.99
1583.35
1001.40
2022.51
1232.96
1918.06
1743.19
2009.99
1438.75
1715.43
1122.17
1392.26
715.33
1688.53
1474.59
1077.35
1069.25
1695.39
1460.89
1625.36
322.20
1724.11
1648.69
1060.01
1081.52
737.05
1437.33
1251.51
1129.13
1140.31
1142.66
1525.44
1498.41
965.31
1339.32
1499.00
1512.12
1478.41
1497.44
1736.79
1866.03
1098.10
1276.20
952.03
1564.28
847.87
644.78
1187.30
829.48
1887.08
1476.39
1147.40
1733.07
1171.01
1991.20
1277.55
1079.09
1291.47
759.67
1231.61
1229.38
1479.56
1926.93
856.04
1173.26
1359.42
1638.50
657.64
1377.33
1443.66
905.15
1816.94
2047.74
1196.23
1230.48
1327.08
1665.63
1673.15
1244.83
1179.00
772.81
1981.97
1320.46
1805.12
1200.43
865.65
1995.97
1487.05
1503.79
1235.55
1600.98
1522.64
1184.18
1104.12
927.91
1269.61
1211.24
1300.68
1427.96
913.64
1296.76
1137.07
1224.49
1440.10
1620.51
1843.30
1636.20
1226.15
1888.06
892.11
1564.35
1150.56
1707.80
1209.36
1150.52
1550.11
1554.16
1611.61
921.55
1305.91
1938.77
1793.56
1790.62
1294.53
1915.76
1750.30
1856.64
1580.34
1471.01
1482.48
1815.70
1640.07
1129.49
1331.61
1445.71
1429.09
716.87
1231.68
1884.72
1321.85
1583.80
1905.27
1771.45
1472.52
785.18
1474.90
2047.85
392.83
1364.59
1290.35
1553.35
1554.78
1004.48
1465.08
790.14
639.13
1239.34
1718.56
1939.68
1861.09
1751.89
1468.33
1747.16
1604.89
1866.51
815.98
1706.53
651.29
853.99
1023.23
1425.89
949.71
1615.80
1121.63
1496.08
1678.43
1726.12
1265.18
1334.21
1677.09
1272.41
1712.97
1829.70
1704.96
1059.86
1166.61
1676.31
1164.77
1470.29
881.77
909.47
1543.10
1677.92
940.15
795.86
1043.15
1755.11
1348.46
1251.79
1031.54
1833.21
1614.91
1609.83
1697.58
1432.26
1370.64
624.99
1380.78
851.51
902.48
1737.89
2028.51
1136.58
2015.82
897.29
1392.20
1130.83
939.77
1165.28
1246.04
1483.03
1407.42
915.32
1411.83
2007.46
1454.70
1379.83
1821.98
1630.40
2027.45
1141.08
1138.32
1624.56
1588.78
1370.81
1348.10
1584.28
989.28
483.51
1673.78
1572.63
797.32
1213.85
1112.43
940.69
1525.94
1537.66
1307.48
1286.49
1757.21
1572.46
1623.20
1863.17
1515.03
1364.98
1685.26
1868.84
1727.66
1824.67
1808.12
1631.09
1783.77
1122.12
1454.52
1214.77
1263.40
1798.90
1418.08
1281.23
1716.15
701.96
1789.45
1311.75
1106.05
1230.52
1911.87
1630.27
1398.28
1679.24
1273.64
1530.97
825.15
1279.46
978.61
1369.77
1625.89
1093.37
1425.99
1353.75
1031.02
1163.11
864.44
1527.62
1855.46
1060.66
1084.12
714.44
1601.46
639.13
1225.38
944.61
1330.34
1609.17
1803.88
2021.28
1205.19
1908.96
867.51
1020.62
1946.75
1709.18
1403.25
1463.58
1548.47
1298.28
1930.41
1489.90
1108.09
1816.47
2117.39
1958.56
1558.45
1476.87
950.20
1645.97
1149.21
1461.84
1386.14
922.53
520.50
1934.77
1487.80
794.98
1435.25
1559.78
1298.73
1541.52
1826.57
904.71
904.07
1405.61
1724.33
718.00
672.33
660.97
1732.71
1706.78
1351.25
1854.07
1178.58
1917.05
1589.44
1514.52
1727.68
1941.57
1614.91
1178.51
1515.74
893.20
732.14
1575.37
1544.40
1534.59
1598.90
1013.87
1789.56
1770.59
1762.99
2023.63
1612.68
1645.66
1294.37
2090.21
1883.62
1239.54
794.50
797.76
1822.45
950.68
1562.76
1736.84
1478.61
1037.21
1264.04
1352.81
1586.65
755.76
1251.92
1793.69
750.69
1717.76
1149.93
1755.12
1387.99
1232.25
887.46
1561.84
1512.92
1517.70
1503.89
1214.82
1656.50
1239.07
1517.63
1402.16
1752.06
1063.29
1782.65
1781.39
1687.47
613.62
631.49
1993.42
979.40
777.14
1494.81
1011.79
1649.01
1741.04
1542.75
1735.63
1757.73
1501.42
1977.41
1785.06
1197.12
1625.21
1368.91
1569.16
1203.74
1095.18
1494.50
1442.04
1306.63
1552.29
1764.30
1351.08
1558.66
1836.35
727.90
814.99
1740.67
1394.55
1439.43
1738.44
1543.60
1143.78
969.77
1734.94
1284.91
894.01
1861.66
1385.14
1841.31
1555.84
1771.15
1015.62
1410.09
1692.81
1816.56
1950.11
1112.29
571.40
1159.80
1421.20
919.30
779.58
1799.06
1196.81
1936.55
1249.24
1660.62
1980.18
1740.71
887.04
1432.19
1692.67
1277.55
778.33
639.17
1147.23
1857.97
1649.16
798.43
1261.21
1490.86
1675.03
1494.96
1847.06
2053.50
1788.51
1397.94
2003.48
935.46
1127.67
444.81
1649.24
1400.64
1221.49
1505.51
1656.79
2016.21
1898.19
1748.76
1464.53
1372.77
1427.92
1728.18
1850.13
1936.82
1329.15
781.92
1673.83
1516.95
1077.88
1319.38
1436.37
1885.92
1069.38
956.20
1392.23
403.86
1489.53
1533.31
1596.54
1436.79
1067.88
1039.51
1272.93
1170.06
639.13
1516.50
831.26
1645.07
913.05
1808.33
1060.41
1785.88
1929.96
1644.15
1540.58
1852.79
1392.31
1810.55
579.11
1165.42
2083.78
990.71
1162.04
1415.33
1557.55
431.04
1442.37
1451.72
1400.38
2013.65
1948.75
389.17
1503.39
456.10
1589.40
1259.90
1696.63
1313.49
1834.04
1936.18
489.08
195.21
1277.22
1244.78
1146.76
1301.84
956.40
1688.34
841.76
1798.26
1454.35
764.32
746.97
1161.20
1570.77
1700.40
906.90
1601.00
1497.35
1202.73
616.43
707.99
1465.70
1178.63
1050.62
1410.87
850.99
1656.13
715.39
1171.58
1604.05
1648.60
1875.93
1685.03
1356.13
807.74
1808.61
727.70
1522.02
1044.58
1516.97
1148.52
1326.44
1439.01
1422.62
1502.03
1661.59
1874.16
1942.35
1808.44
812.02
1798.23
1174.32
1599.57
1897.50
1576.52
1635.30
873.85
1295.20
1417.67
1780.56
1545.21
1852.52
1791.14
880.43
1586.42
1629.14
1806.82
1072.17
1016.43
746.97
1447.82
2067.96
938.21
1697.84
1519.38
1081.11
677.33
1628.98
819.28
1468.36
627.44
992.74
1037.57
1352.65
1775.30
1967.18
837.38
1656.95
861.93
697.95
1286.10
1190.71
743.33
1482.35
1690.79
1281.48
1545.41
1091.94
1344.44
1545.96
1402.65
1211.78
1239.04
1233.52
469.58
691.61
1547.54
1078.76
1006.74
1129.73
1252.28
1257.14
895.43
1699.80
890.23
993.75
1396.28
1723.32
1503.25
1032.55
1529.71
1667.67
1708.29
1406.93
1936.53
1517.69
1556.14
1989.51
980.02
1690.69
1438.87
1758.05
1313.11
1304.16
1630.50
1424.94
1842.09
1920.04
1911.76
1845.39
1670.17
1344.06
1590.65
1629.01
1450.96
1340.17
1076.27
1625.00
2142.08
1819.66
1945.86
1339.24
1008.63
1391.36
1652.82
1717.10
1664.85
544.22
1548.53
596.78
1452.29
1892.73
1506.22
1553.49
929.94
852.65
1580.94
1279.72
1221.81
1372.61
1417.73
2016.68
1603.38
617.52
1116.36
1713.77
1198.24
1237.40
1566.23
1522.83
1069.52
691.05
610.92
1852.32
910.39
1692.32
1885.17
1549.22
1481.57
1955.42
842.72
1214.71
1437.07
1429.40
1207.92
726.34
1864.31
1671.30
1320.57
556.14
1076.71
1526.06
1464.38
1046.69
1918.08
918.57
778.16
1314.05
1090.61
1849.69
1434.35
1048.29
1928.70
1900.22
1806.16
1255.08
1154.46
576.97
1693.54
1361.00
1773.07
461.56
1753.97
1754.28
1772.74
1487.60
1875.19
993.62
752.43
1759.09
1694.77
1613.07
1482.58
1059.06
1317.62
1199.37
872.67
1814.57
1132.69
1457.37
1325.66
970.49
1013.44
1496.60
2107.68
1246.77
546.56
1434.99
1042.85
1520.48
1486.74
1195.89
1690.44
1438.98
1505.42
1898.53
1548.46
976.60
1545.77
2063.01
1195.30
1495.57
1450.89
1173.77
1122.11
1600.44
1121.16
1496.24
875.08
1503.64
1122.62
1350.95
1445.12
769.25
1489.65
1986.83
852.13
2098.11
992.70
1305.94
881.94
1605.87
2015.49
1506.29
1454.31
1336.75
1089.00
782.73
1811.90
1101.30
1786.32
1624.53
1630.70
1169.63
1494.80
1412.48
1886.36
1240.17
1303.35
1694.34
844.22
1834.99
1777.09
1792.40
1789.23
1702.43
1047.40
1774.69
352.95
1264.16
1012.54
1242.93
730.92
2012.20
1450.67
1340.63
964.15
1800.55
1034.31
198.77
975.58
1059.73
1853.32
1992.11
1871.65
1615.22
1913.04
1080.49
1720.85
1052.59
1336.83
1454.21
883.77
815.22
1698.24
1282.72
642.78
1295.47
1643.93
1323.83
1628.26
1798.47
1286.09
1959.96
1706.60
1396.42
1727.65
1377.52
1262.10
790.65
1158.53
493.77
1681.76
1607.15
1753.69
1426.46
1114.42
1213.62
1131.51
628.78
1836.04
1726.86
1571.01
1940.78
1648.86
1464.87
1889.57
825.63
1119.64
843.09
1741.48
1295.84
1119.40
1174.64
1790.48
1775.64
1545.39
1341.48
946.59
1895.68
851.19
1357.76
1661.60
1299.01
1473.32
1223.84
1469.11
1260.34
916.94
2026.23
1571.02
831.13
1805.53
1198.97
1797.97
639.13
1866.48
1370.57
565.05
1030.81
1387.64
307.94
1341.37
1352.15
1282.58
1565.62
1360.52
1237.51
1641.72
2048.35
652.94
1571.38
772.91
1540.46
1371.82
1112.31
1991.41
1683.67
1703.00
1369.08
1462.57
2001.83
1255.83
1640.88
1465.81
1474.45
1144.55
1792.73
426.69
1013.25
923.10
1002.63
1730.55
728.37
1135.70
1978.31
1480.55
1132.36
387.71
1199.76
1108.04
1118.25
1205.51
805.79
1539.78
1550.63
2078.00
1329.27
1789.47
873.52
1746.20
1800.73
1631.81
1666.23
2010.76
1170.17
1485.98
1258.65
1377.60
2143.58
1805.96
1513.10
1097.43
1705.33
809.87
1399.81
846.21
1786.79
1440.42
1319.29
1639.00
1634.60
2036.94
1692.58
201.00
1497.56
1661.01
1227.60
1100.85
1473.85
1437.85
1462.24
833.30
2051.09
1607.04
1604.25
1872.31
1896.93
1702.92
1165.62
1487.66
1559.10
1503.16
419.21
1696.54
1808.26
1485.49
1325.78
1848.81
676.88
621.64
654.61
1844.02
1318.81
